date:2026-05-07
daily_loss:1010.2199999999411
daily_profit:0.0
consecutive_losses:0
total_loss:34996.25793426807
saved_at:2026-05-07T06:45:00+07:00
